Pryamokutnik1: 60 60 340 60 340 230 60 230
Pryamokutnik2: 80 70 300 70 300 200 80 200
Pryamokutnik2: 90 80 290 80 290 190 90 190
Pryamokutnik2: 100 90 280 90 280 180 100 180
Pryamokutnik2: 400 200 500 200 500 400 400 400
Pryamokutnik2: 100 500 400 500 400 700 100 700
Pryamokutnik2: 410 50 500 50 500 150 410 150
Pryamokutnik2: 800 100 1000 100 1000 300 800 300
Pryamokutnik2: 850 130 950 130 950 270 850 270
Pryamokutnik2: 860 140 940 140 940 260 860 260
Pryamokutnik2: 410 210 490 210 490 390 410 390